2016013100
2016013100
2016013100
2016013100
2016013100
2016013100
2016013101
2016013101
2016013101
2016013101
2016013101
2016013101
2016013102
2016013102
2016013102
2016013102
2016013102
2016013102
2016013103
2016013103
2016013103
2016013103
2016013103
2016013103
2016013104
2016013104
2016013104
2016013104
2016013104
2016013104
2016013105
2016013105
2016013105
2016013105
2016013105
2016013105
2016013106
2016013106
2016013106
2016013106
2016013106
2016013106
2016013107
2016013107
2016013107
2016013107
2016013107
2016013107
2016013108
2016013108
2016013108
2016013108
2016013108
2016013108
2016013109
2016013109
2016013109
2016013109
2016013109
2016013109
2016013110
2016013110
2016013110
2016013110
2016013110
2016013110
2016013111
2016013111
2016013111
2016013111
2016013111
2016013111
2016013112
2016013112
2016013112
2016013112
2016013112
2016013112
2016013113
2016013113
2016013113
2016013113
2016013113
2016013113
2016013114
2016013114
2016013114
2016013114
2016013114
2016013114
2016013115
2016013115
2016013115
2016013115
2016013115
2016013115
2016013116
2016013116
2016013116
2016013116
2016013116
2016013116
2016013117
2016013117
2016013117
2016013117
2016013117
2016013117
2016013118
2016013118
2016013118
2016013118
2016013118
2016013118
2016013119
2016013119
2016013119
2016013119
2016013119
2016013119
2016013120
2016013120
2016013120
2016013120
2016013120
2016013120
2016013121
2016013121
2016013121
2016013121
2016013121
2016013121
2016013122
2016013122
2016013122
2016013122
2016013122
2016013122
2016013123
2016013123
2016013123
2016013123
2016013123
2016013123
2016013124
2016013124
2016013124
2016013124
2016013124
2016013124
2016013124
2016013124
2016013124
2016013124
2016013124
2016013124
2016013100
2016013100
2016013100
2016013100
2016013100
2016013100
2016013101
2016013101
2016013102
2016013114
2016013124
2016013124
2016013124
2016013124
2016013124
2016013124
